50 3.1024
550 3.1248
1050 3.1357
1550 3.1473
2050 3.14888
2550 3.13656
3050 3.14148
3550 3.14616
4050 3.13689
4550 3.14752
5050 3.14085
5550 3.1451
6050 3.14543
6550 3.1367
7050 3.1457
7550 3.14129
8050 3.13969
8550 3.14608
9050 3.1396
9550 3.14544
10050 3.14112
10550 3.14124
11050 3.13863
11550 3.1419
12050 3.13992
12550 3.14178
13050 3.14083
13550 3.14334
14050 3.14287
14550 3.13798
15050 3.14253
15550 3.14576
16050 3.14021
16550 3.13977
17050 3.1411
17550 3.14094
18050 3.13906
18550 3.14251
19050 3.14318
19550 3.14434
20050 3.13993
20550 3.14432
21050 3.14025
21550 3.14104
22050 3.14503
22550 3.14302
23050 3.14194
23550 3.1416
24050 3.14116
24550 3.14398
25050 3.14216
25550 3.14374
26050 3.1434
26550 3.13963
27050 3.14176
27550 3.14036
28050 3.14093
28550 3.1418
29050 3.14217
29550 3.14162
30050 3.14152
30550 3.14064
31050 3.13997
31550 3.14208
32050 3.14294
32550 3.14305
33050 3.14229
33550 3.14231
34050 3.14193
34550 3.14114
35050 3.13945
35550 3.14178
36050 3.14075
36550 3.14217
37050 3.14048
37550 3.14267
38050 3.13982
38550 3.14286
39050 3.14281
39550 3.14055
40050 3.14176
40550 3.13994
41050 3.14085
41550 3.14066
42050 3.14161
42550 3.14305
43050 3.14249
43550 3.1416
44050 3.14023
44550 3.14382
45050 3.14057
45550 3.14089
46050 3.14151
46550 3.14268
47050 3.14119
47550 3.1411
48050 3.1432
48550 3.14214
49050 3.14208
49550 3.14171
