0 0
1 9.8
2 17.8117
3 24.3614
4 29.7159
5 34.0933
6 37.6719
7 40.5974
8 42.9891
9 44.9444
10 46.5429
11 47.8497
12 48.918
13 49.7913
14 50.5053
15 51.089
16 51.5662
17 51.9563
18 52.2752
19 52.536
20 52.7491
21 52.9234
22 53.0658
23 53.1823
24 53.2775
25 53.3553
26 53.4189
27 53.471
28 53.5135
29 53.5482
30 53.5767
31 53.5999
32 53.6189
33 53.6344
34 53.6471
35 53.6575
36 53.666
37 53.6729
38 53.6786
39 53.6832
40 53.687
41 53.6901
42 53.6927
43 53.6947
44 53.6964
45 53.6978
46 53.6989
47 53.6999
48 53.7006
49 53.7012
50 53.7017
